20002
20004
20006
20007
20010
20020
20021
20024
20025
20026
20030
20033
20042
20055
20060
20066
20071
20083
20085
20087
20089
20091
20093
20098
20099
20102
20122
20129
20138
20139
20141
20149
20151
20152
20153
20155
20170
20171
20175
20176
20177
20179
20183
20193
20194
20195
20196
20197
20208
20209
20211
20213
20219
20222
20234
20241
20244
20245
20254
20263
20264
20267
20269
20272
20273
20274
20280
20281
20285
20286
20287
20288
20290
20298
20304
20305
20306
20307
20313
20314
20315
20318
20329
20330
20331
20332
20333
20341
20343
20344
20346
20347
20348
20349
20350
20351
20353
20354
20355
20357
20363
20365
20377
20387
20399
20400
20403
20406
20410
20412
20419
20423
20431
20433
20434
20436
20437
20444
20448
20450
20460
20461
20464
20465
20466
20477
20479
20480
20489
20491
20493
20501
20514
20515
20529
20533
20534
20535
20543
20544
20550
20554
20564
20565
20566
20569
20573
20574
20577
20578
20582
20583
20587
20594
20595
20600
20601
20605
20607
20609
20610
20618
20625
20643
20650
20657
20659
20662
20663
20665
20668
20669
20673
20674
20675
20677
20681
20685
20687
20689
20695
20698
20701
20705
20707
20709
20712
20713
20726
20732
20737
20748
20754
20755
20756
20757
20759
20760
20770
20771
20784
20788
20789
20793
20799
20801
20803
20804
20807
20819
20833
20836
20842
20846
20849
20850
20855
20861
20863
20865
20867
20872
20886
20888
20890
20894
20905
20922
20931
20935
20943
20944
20946
20955
20974
21036
21045
21054
21055
21056
21063
21067
